-66.125950 -67.045923 781.923753
-71.084687 -71.012656 -136.686301
-72.652788 -78.117073 -131.404541
-77.478060 711.615216 -134.100925
811.127237 -52.604077 -53.660538
-48.778915 -52.362172 -125.952835
-54.312702 -39.503289 -68.805512
-47.199191 -45.889531 836.072241
-58.795905 -57.369736 -50.743140
-56.833667 -58.562419 -129.275864
-59.292635 -58.997672 -74.623956
-62.013334 -61.987212 -140.655971
-52.918244 -57.371773 -41.506359
-52.014147 -59.804572 -140.828233
-58.926263 -55.186661 -58.371862
-59.868850 -55.208640 -45.067346
-39.277920 -47.020186 -134.714119
-41.164638 -49.773482 -144.539709
-48.356359 -38.067687 -69.386464
-43.004166 -44.565470 -36.267289
-36.160404 -42.936636 -26.534996
-34.787769 -42.981567 -50.712239
-43.208051 -34.293178 -52.279249
-40.654636 -34.934314 -32.620662
-22.279997 -33.003372 -119.472865
-35.966789 -29.511500 -129.217966
-33.006304 -24.436735 -54.525146
-30.657077 -30.773239 -16.816034
-17.688929 -19.534838 -6.450886
-12.690866 -24.182172 -31.209348
-25.370426 -18.082915 -35.795776
-23.932834 -11.146718 -19.476761
-1.639327 -13.165615 -107.834791
-6.368475 -12.051739 -117.969088
-18.420002 1.035180 -36.968206
-6.493487 -4.814057 2.894245
9.792803 -12.235309 -105.178057
-12.020999 0.957411 -24.692595
-13.336246 14.560772 -17.948917
3.560758 3.375437 16.138582
18.772085 -5.763708 -103.022081
7.178776 -2.912607 -30.079945
-4.677366 19.312228 -86.818759
11.019123 9.797527 43.119813
59.055213 14.032636 -114.078437
8.329726 74.788783 -30.946940
44.073170 58.736867 102.897813
71.958669 41.256314 -113.418185
54.349840 17.618133 4.509991
11.209936 102.641084 -91.415744
64.682896 70.272095 128.834033
104.471250 12.236959 -111.568016
223.403990 79.769720 57.675377
123.413251 164.726179 -100.702818
105.353792 216.146435 154.879201
163.556135 176.426883 259.763880
-49.799416 -50.668200 -34.912847
-44.089155 -54.019693 -49.967479
-50.527739 -51.051442 -141.263311
-54.041438 -40.563046 -140.161811
-31.810285 -32.010324 -27.974180
-31.906244 -34.205380 -38.678491
-29.452419 -34.445035 -129.489336
-33.364273 -29.845337 -131.590832
-17.933538 -19.145296 -6.005605
-15.070518 -19.618520 -21.359185
-19.705058 -18.306862 -113.635142
-20.794098 -16.202173 -120.656272
-27.796346 -47.758051 -124.024598
-47.734748 -36.257525 -63.150210
-52.240652 -24.096906 -121.625591
-40.281903 -35.188750 857.528251
-20.572390 -26.760830 -121.379459
-21.740306 -28.447620 -65.067210
-29.002852 -17.464244 -122.090407
-20.584319 -21.189328 893.662024
-14.282128 -17.097753 -94.402701
-12.789758 -11.432956 -40.874170
-17.128113 -13.660860 -107.145145
-25.052855 -15.319377 889.427477
42.286413 4.122562 -88.360787
22.859017 -0.876709 -32.903508
-1.900256 32.183237 -112.300294
10.936402 25.115167 907.446661
66.310913 55.510090 956.612457
154.461442 17.944104 20.169506
120.953067 25.669005 -102.578159
30.007191 935.819331 -112.133749
97.583437 93.832652 1003.698651
154.686972 21.051244 -94.803052
75.766698 44.662841 3.588947
26.002762 900.324271 -48.987470
1037.404378 130.665775 187.643662
176.467388 113.267781 -77.704249
105.925479 211.703156 16.477582
168.850393 169.372270 1049.564704
